0.00, 0.00
0.00, 0.00
0.00, 0.00
0.00, 0.00
0.00, 0.00
0.00, 0.00
0.00, 0.00
0.00, 0.00
0.00, 0.00
0.00, 0.00
0.00, 0.00
0.00, 0.00
0.00, 0.00
0.00, 0.00
0.00, 0.00
0.00, 0.00
0.00, 0.00
0.00, 0.00
0.00, 0.00
0.00, 0.00
0.00, 0.00
0.00, 0.00
0.00, 0.00
0.00, 0.00
0.00, 0.00
0.00, 0.00
0.00, 0.00
0.00, 0.00
0.00, 0.00
0.00, 0.00
0.00, 0.00
0.00, 0.00
0.00, 0.00
0.00, 0.00
0.00, 0.00
0.00, 0.00
0.00, 0.00
0.00, 0.00
0.00, 0.00
0.00, 0.00
0.00, 0.00
0.00, 0.00
0.00, 0.00
0.00, 0.00
0.00, 0.00
0.00, 0.00
0.00, 0.00
0.00, 0.00
0.00, 0.00
0.00, 0.00
0.00, 0.00
0.00, 0.00
0.00, 0.00
0.00, 0.00
0.00, 0.00
0.00, 0.00
0.00, 0.00
0.00, 0.00
0.00, 0.00
0.00, 0.00
0.00, 0.00
0.00, 0.00
0.00, 0.00
0.00, 0.00
0.00, 0.00
0.00, 0.00
0.00, 0.00
0.00, 0.00
0.00, 0.00
0.00, 0.00
0.00, 0.00
0.00, 0.00
0.00, 0.00
0.00, 0.00
0.00, 0.00
0.00, 0.00
0.00, 0.00
0.00, 0.00
0.00, 0.00
0.00, 0.00
0.00, 0.00
0.00, 0.00
0.00, 0.00
0.00, 0.00
0.00, 0.00
0.00, 0.00
0.00, 0.00
0.00, 0.00
0.00, 0.00
0.00, 0.00
0.00, 0.00
0.00, 0.00
0.00, 0.00
0.00, 0.00
0.00, 0.00
0.00, 0.00
0.00, 0.00
0.00, 0.00
0.00, 0.00
0.00, 0.00
0.00, 0.00
0.00, 0.00
0.00, 0.00
0.00, 0.00
0.00, 0.00
0.00, 0.00
0.00, 0.00
0.00, 0.00
0.00, 0.00
0.00, 0.00
0.00, 0.00
0.00, 0.00
0.00, 0.00
0.00, 0.00
0.00, 0.00
0.00, 0.00
0.00, 0.00
0.00, 0.00
0.00, 0.00
0.00, 0.00
0.00, 0.00
0.00, 0.00
0.00, 0.00
0.00, 0.00
0.00, 0.00
0.00, 0.00
0.00, 0.00
0.00, 0.00
0.00, 0.00
0.00, 0.00
0.00, 0.00
0.00, 0.00
0.00, 0.00
0.00, 0.00
0.00, 0.00
0.00, 0.00
0.00, 0.00
0.00, 0.00
0.00, 0.00
0.00, 0.00
0.00, 0.00
0.00, 0.00
0.00, 0.00
0.00, 0.00
0.00, 0.00
0.00, 0.00
0.00, 0.00
0.00, 0.00
0.00, 0.00
0.00, 0.00
0.00, 0.00
0.00, 0.00
0.00, 0.00
0.00, 0.00
0.00, 0.00
0.00, 0.00
0.00, 0.00
0.00, 0.00
0.00, 0.00
0.00, 0.00
0.00, 0.00
0.00, 0.00
0.00, 0.00
0.00, 0.00
0.00, 0.00
0.00, 0.00
0.00, 0.00
0.00, 0.00
0.00, 0.00
0.00, 0.00
0.00, 0.00
0.00, 0.00
0.00, 0.00
0.00, 0.00
0.00, 0.00
0.00, 0.00
0.00, 0.00
0.00, 0.00
0.00, 0.00
0.00, 0.00
0.00, 0.00
0.00, 0.00
0.00, 0.00
0.00, 0.00
0.00, 0.00
0.00, 0.00
0.00, 0.00
0.00, 0.00
0.00, 0.00
0.00, 0.00
0.00, 0.00
0.00, 0.00
0.00, 0.00
0.00, 0.00
0.00, 0.00
0.00, 0.00
0.00, 0.00
0.00, 0.00
0.00, 0.00
0.00, 0.00
0.00, 0.00
0.00, 0.00
0.00, 0.00
0.00, 0.00
0.00, 0.00
0.00, 0.00
0.00, 0.00
0.00, 0.00
0.00, 0.00
0.00, 0.00
0.00, 0.00
0.00, 0.00
0.00, 0.00
0.00, 0.00
0.00, 0.00
0.00, 0.00
0.00, 0.00
-5.59, -5.30
-5.35, -5.96
-5.65, -5.59
-5.80, -5.56
-5.78, -5.78
-5.77, -5.48
-5.79, -5.38
-5.79, -5.38
-5.79, -5.38
-5.79, -5.38
-5.79, -5.39
-5.78, -5.42
-5.81, -5.48
-5.80, -5.44
-5.90, -5.40
0.00, 0.00
0.00, 0.00
0.00, 0.00
0.00, 0.00
0.00, 0.00
0.00, 0.00
0.00, 0.00
0.00, 0.00
0.00, 0.00
0.00, 0.00
0.00, 0.00
0.00, 0.00
0.00, 0.00
0.00, 0.00
0.00, 0.00
-5.88, -5.25
-5.17, -5.14
-5.33, -4.98
-5.25, -4.95
-5.12, -5.03
-5.18, -5.11
-5.17, -5.15
-5.17, -5.14
-5.17, -5.14
-5.17, -5.14
-5.17, -5.15
-5.13, -5.19
-5.23, -5.33
-5.28, -5.37
-5.27, -5.33
-2.08, -2.19
0.00, 0.00
0.00, 0.00
0.00, 0.00
0.00, 0.00
0.00, 0.00
0.00, 0.00
0.00, 0.00
0.00, 0.00
0.00, 0.00
0.00, 0.00
0.00, 0.00
0.00, 0.00
0.00, 0.00
0.00, 0.00
-5.42, -5.62
-5.01, -5.31
-5.26, -5.23
-5.22, -5.21
-5.11, -5.23
-5.17, -5.17
-5.17, -5.26
-5.18, -5.26
-5.18, -5.26
-5.18, -5.26
-5.17, -5.26
-5.13, -5.27
-5.22, -5.33
-5.27, -5.34
-5.28, -5.32
-5.12, -5.32
0.00, 0.00
0.00, 0.00
0.00, 0.00
0.00, 0.00
0.00, 0.00
0.00, 0.00
0.00, 0.00
0.00, 0.00
0.00, 0.00
0.00, 0.00
0.00, 0.00
0.00, 0.00
0.00, 0.00
0.00, 0.00
-5.36, -5.76
-4.95, -5.25
-5.22, -5.20
-4.80, -5.02
-4.89, -4.97
-4.90, -4.93
-4.90, -4.93
-4.90, -4.92
-4.89, -4.91
-4.90, -4.91
-4.89, -4.92
-4.89, -4.96
-4.92, -5.01
-5.27, -5.29
-5.31, -5.28
-5.21, -5.30
0.00, 0.00
0.00, 0.00
0.00, 0.00
0.00, 0.00
0.00, 0.00
0.00, 0.00
0.00, 0.00
0.00, 0.00
0.00, 0.00
0.00, 0.00
0.00, 0.00
0.00, 0.00
0.00, 0.00
0.00, 0.00
-5.63, -5.74
-5.04, -5.11
-5.25, -5.10
-4.96, -4.89
-4.92, -4.92
-4.92, -4.90
-4.93, -4.92
-4.94, -4.90
-4.91, -4.89
-4.92, -4.91
-4.92, -4.90
-4.90, -4.94
-4.92, -4.97
-4.85, -4.89
-5.30, -5.21
-5.18, -5.22
0.00, 0.00
0.00, 0.00
0.00, 0.00
0.00, 0.00
0.00, 0.00
0.00, 0.00
0.00, 0.00
0.00, 0.00
0.00, 0.00
0.00, 0.00
0.00, 0.00
0.00, 0.00
0.00, 0.00
0.00, 0.00
-5.35, -5.74
-5.12, -5.16
-5.18, -5.15
-4.92, -4.91
-4.89, -4.93
-4.99, -5.01
-4.99, -5.00
-5.01, -5.00
-4.99, -5.00
-5.00, -5.00
-5.01, -5.00
-5.03, -5.01
-4.87, -4.92
-4.89, -4.87
-5.12, -5.14
-4.84, -5.13
0.00, 0.00
0.00, 0.00
0.00, 0.00
0.00, 0.00
0.00, 0.00
0.00, 0.00
0.00, 0.00
0.00, 0.00
0.00, 0.00
0.00, 0.00
0.00, 0.00
0.00, 0.00
0.00, 0.00
0.00, 0.00
-5.24, -5.75
-5.15, -5.15
-5.27, -5.16
-4.93, -4.90
-4.90, -4.93
-5.00, -4.99
-5.00, -5.00
-5.00, -5.00
-5.00, -5.01
-5.00, -5.00
-5.00, -5.01
-4.99, -5.01
-4.90, -4.96
-4.89, -4.87
-5.21, -5.17
-4.97, -5.17
-5.09, -6.05
0.00, 0.00
0.00, 0.00
0.00, 0.00
0.00, 0.00
0.00, 0.00
0.00, 0.00
0.00, 0.00
0.00, 0.00
0.00, 0.00
0.00, 0.00
0.00, 0.00
0.00, 0.00
0.00, 0.00
-5.24, -5.75
-5.15, -5.15
-5.28, -5.16
-4.91, -4.90
-4.89, -4.93
-5.00, -5.00
-5.00, -5.00
-5.00, -5.01
-5.00, -5.01
-5.00, -5.00
-5.00, -5.00
-5.01, -5.00
-4.88, -4.95
-4.87, -4.89
-5.21, -5.17
-4.96, -5.17
-5.09, -6.04
0.00, 0.00
0.00, 0.00
0.00, 0.00
0.00, 0.00
0.00, 0.00
0.00, 0.00
0.00, 0.00
0.00, 0.00
0.00, 0.00
0.00, 0.00
0.00, 0.00
0.00, 0.00
0.00, 0.00
-5.24, -5.75
-5.15, -5.15
-5.28, -5.16
-4.90, -4.89
-4.89, -4.92
-5.01, -4.99
-5.01, -5.00
-5.01, -5.00
-5.00, -5.01
-5.01, -4.99
-5.00, -5.01
-5.00, -4.99
-4.88, -4.95
-4.90, -4.88
-5.21, -5.17
-4.96, -5.17
-5.09, -6.04
0.00, 0.00
0.00, 0.00
0.00, 0.00
0.00, 0.00
0.00, 0.00
0.00, 0.00
0.00, 0.00
0.00, 0.00
0.00, 0.00
0.00, 0.00
0.00, 0.00
0.00, 0.00
0.00, 0.00
-5.24, -5.75
-5.15, -5.15
-5.28, -5.16
-4.91, -4.90
-4.90, -4.92
-5.00, -5.00
-5.00, -5.00
-4.99, -5.01
-5.00, -5.01
-5.00, -5.00
-5.00, -5.01
-5.00, -5.01
-4.90, -4.94
-4.92, -4.88
-5.21, -5.17
-4.96, -5.17
-5.09, -6.04
0.00, 0.00
0.00, 0.00
0.00, 0.00
0.00, 0.00
0.00, 0.00
0.00, 0.00
0.00, 0.00
0.00, 0.00
0.00, 0.00
0.00, 0.00
0.00, 0.00
0.00, 0.00
0.00, 0.00
-5.27, -5.74
-5.16, -5.16
-5.28, -5.16
-4.92, -4.89
-4.90, -4.91
-5.02, -5.00
-5.00, -4.99
-5.01, -5.01
-5.00, -4.99
-5.00, -5.00
-5.00, -5.00
-4.99, -4.99
-4.90, -4.95
-4.91, -4.89
-5.21, -5.16
-4.96, -5.17
-5.09, -6.04
0.00, 0.00
0.00, 0.00
0.00, 0.00
0.00, 0.00
0.00, 0.00
0.00, 0.00
0.00, 0.00
0.00, 0.00
0.00, 0.00
0.00, 0.00
0.00, 0.00
0.00, 0.00
0.00, 0.00
-5.33, -5.75
-5.19, -5.12
-5.28, -5.11
-4.95, -4.89
-4.93, -4.91
-5.01, -5.03
-5.00, -5.00
-4.99, -5.01
-5.00, -4.99
-5.00, -5.01
-4.99, -4.98
-4.98, -4.99
-4.90, -4.93
-4.90, -4.88
-5.18, -5.15
-5.07, -5.15
-5.42, -6.03
0.00, 0.00
0.00, 0.00
0.00, 0.00
0.00, 0.00
0.00, 0.00
0.00, 0.00
0.00, 0.00
0.00, 0.00
0.00, 0.00
0.00, 0.00
0.00, 0.00
0.00, 0.00
0.00, 0.00
-5.39, -5.77
-5.33, -5.22
-5.34, -5.20
-5.01, -4.92
-4.98, -4.93
-4.93, -4.88
-4.95, -4.90
-4.95, -4.87
-4.94, -4.88
-4.94, -4.89
-4.96, -4.90
-4.94, -4.90
-4.92, -4.90
-4.98, -4.86
-5.15, -5.15
-4.87, -5.15
0.00, 0.00
0.00, 0.00
0.00, 0.00
0.00, 0.00
0.00, 0.00
0.00, 0.00
0.00, 0.00
0.00, 0.00
0.00, 0.00
0.00, 0.00
0.00, 0.00
0.00, 0.00
0.00, 0.00
0.00, 0.00
-5.33, -5.76
-5.37, -5.26
-5.34, -5.25
-5.29, -5.26
-4.89, -4.82
-4.86, -4.87
-4.87, -4.86
-4.88, -4.85
-4.88, -4.87
-4.88, -4.89
-4.89, -4.88
-4.88, -4.88
-4.86, -4.97
-4.84, -4.87
-5.11, -5.24
-4.76, -5.29
0.00, 0.00
0.00, 0.00
0.00, 0.00
0.00, 0.00
0.00, 0.00
0.00, 0.00
0.00, 0.00
0.00, 0.00
0.00, 0.00
0.00, 0.00
0.00, 0.00
0.00, 0.00
0.00, 0.00
0.00, 0.00
-5.38, -5.91
-5.31, -5.24
-5.32, -5.25
-5.29, -5.28
-5.22, -5.28
-5.14, -5.09
-5.17, -5.19
-5.17, -5.19
-5.17, -5.19
-5.17, -5.19
-5.17, -5.19
-5.15, -5.17
-5.16, -5.15
-5.23, -5.13
-5.15, -5.14
-4.77, -5.25
0.00, 0.00
0.00, 0.00
0.00, 0.00
0.00, 0.00
0.00, 0.00
0.00, 0.00
0.00, 0.00
0.00, 0.00
0.00, 0.00
0.00, 0.00
0.00, 0.00
0.00, 0.00
0.00, 0.00
0.00, 0.00
0.00, 0.00
-1.81, -1.82
-5.32, -5.12
-5.31, -5.22
-5.23, -5.17
-5.13, -4.83
-5.17, -4.96
-5.17, -4.96
-5.17, -4.96
-5.17, -4.96
-5.17, -4.96
-5.16, -5.07
-5.16, -4.88
-5.28, -4.81
-5.25, -4.77
-4.98, -4.98
0.00, 0.00
0.00, 0.00
0.00, 0.00
0.00, 0.00
0.00, 0.00
0.00, 0.00
0.00, 0.00
0.00, 0.00
0.00, 0.00
0.00, 0.00
0.00, 0.00
0.00, 0.00
0.00, 0.00
0.00, 0.00
0.00, 0.00
0.00, 0.00
0.00, 0.00
0.00, 0.00
0.00, 0.00
0.00, 0.00
-6.05, -5.09
-6.04, -5.09
-6.04, -5.09
-6.04, -5.09
-6.04, -5.09
-6.03, -5.42
0.00, 0.00
0.00, 0.00
0.00, 0.00
0.00, 0.00
0.00, 0.00
0.00, 0.00
0.00, 0.00
0.00, 0.00
0.00, 0.00
0.00, 0.00
0.00, 0.00
0.00, 0.00
0.00, 0.00
0.00, 0.00
0.00, 0.00
0.00, 0.00
0.00, 0.00
0.00, 0.00
0.00, 0.00
0.00, 0.00
0.00, 0.00
0.00, 0.00
0.00, 0.00
0.00, 0.00
0.00, 0.00
0.00, 0.00
0.00, 0.00
0.00, 0.00
0.00, 0.00
0.00, 0.00
0.00, 0.00
0.00, 0.00
0.00, 0.00
0.00, 0.00
0.00, 0.00
0.00, 0.00
0.00, 0.00
0.00, 0.00
0.00, 0.00
0.00, 0.00
0.00, 0.00
0.00, 0.00
0.00, 0.00
0.00, 0.00
0.00, 0.00
0.00, 0.00
0.00, 0.00
0.00, 0.00
0.00, 0.00
0.00, 0.00
0.00, 0.00
0.00, 0.00
0.00, 0.00
0.00, 0.00
0.00, 0.00
0.00, 0.00
0.00, 0.00
0.00, 0.00
0.00, 0.00
0.00, 0.00
0.00, 0.00
0.00, 0.00
0.00, 0.00
0.00, 0.00
0.00, 0.00
0.00, 0.00
0.00, 0.00
0.00, 0.00
0.00, 0.00
0.00, 0.00
0.00, 0.00
0.00, 0.00
0.00, 0.00
0.00, 0.00
0.00, 0.00
0.00, 0.00
0.00, 0.00
0.00, 0.00
0.00, 0.00
0.00, 0.00
0.00, 0.00
0.00, 0.00
0.00, 0.00
0.00, 0.00
0.00, 0.00
0.00, 0.00
0.00, 0.00
0.00, 0.00
0.00, 0.00
0.00, 0.00
0.00, 0.00
0.00, 0.00
0.00, 0.00
0.00, 0.00
0.00, 0.00
0.00, 0.00
0.00, 0.00
0.00, 0.00
0.00, 0.00
0.00, 0.00
0.00, 0.00
0.00, 0.00
0.00, 0.00
0.00, 0.00
0.00, 0.00
0.00, 0.00
0.00, 0.00
0.00, 0.00
0.00, 0.00
0.00, 0.00
0.00, 0.00
0.00, 0.00
0.00, 0.00
0.00, 0.00
0.00, 0.00
0.00, 0.00
0.00, 0.00
0.00, 0.00
0.00, 0.00
0.00, 0.00
0.00, 0.00
0.00, 0.00
0.00, 0.00
0.00, 0.00
0.00, 0.00
0.00, 0.00
0.00, 0.00
0.00, 0.00
0.00, 0.00
0.00, 0.00
0.00, 0.00
0.00, 0.00
0.00, 0.00
0.00, 0.00
0.00, 0.00
0.00, 0.00
0.00, 0.00
0.00, 0.00
0.00, 0.00
0.00, 0.00
0.00, 0.00
0.00, 0.00
0.00, 0.00
0.00, 0.00
0.00, 0.00
0.00, 0.00
0.00, 0.00
0.00, 0.00
0.00, 0.00
0.00, 0.00
0.00, 0.00
0.00, 0.00
0.00, 0.00
0.00, 0.00
0.00, 0.00
0.00, 0.00
0.00, 0.00
0.00, 0.00
0.00, 0.00
0.00, 0.00
0.00, 0.00
0.00, 0.00
0.00, 0.00
0.00, 0.00
0.00, 0.00
0.00, 0.00
0.00, 0.00
0.00, 0.00
0.00, 0.00
0.00, 0.00
0.00, 0.00
0.00, 0.00
0.00, 0.00
0.00, 0.00
0.00, 0.00
0.00, 0.00
0.00, 0.00
0.00, 0.00
0.00, 0.00
0.00, 0.00
0.00, 0.00
0.00, 0.00
0.00, 0.00
0.00, 0.00
0.00, 0.00
0.00, 0.00
0.00, 0.00
0.00, 0.00
0.00, 0.00
0.00, 0.00
0.00, 0.00

